TERRA-SAR-X             
1 31698U 07026A   24127.61078043  .00002680  00000-0  13077-3 0  9994
2 31698  97.4461 135.3515 0001822  82.7757 277.3684 15.19147017936081
TANDEM-X
1 36605U 10030A   24127.54491109  .00002527  00000-0  12352-3 0  9995
2 36605  97.4462 135.2875 0001792  95.9204 264.2235 15.19147143769498
SKYMED 1
1 31598U 07023A   24129.50724506  .00000971  00000-0  12847-3 0  9997
2 31598  97.8867 313.2358 0001463  87.6241 272.5140 14.82162570915316
SKYMED 2
1 32376U 07059A   24129.33846024  .00000936  00000-0  12411-3 0  9990
2 32376  97.8866 313.0672 0001462  87.6262 272.5118 14.82161420888046
SKYMED 3
1 33412U 08054A   24129.53089711  .00004684  00000-0  41022-3 0  9996
2 33412  97.8777 325.9509 0016049 349.7004  10.3886 14.97095645841357
SKYMED 4
1 37216U 10060A   24129.48618379  .00000123  00000-0  22023-4 0  9999
2 37216  97.8868 313.2158 0001462  87.4307 272.7073 14.82150194730612
GAOFEN 3 03
1 52200U 22035A   24129.61915820 -.00000010  00000-0  10113-4 0  9993
2 52200  98.4127 138.1036 0001211  66.6646 293.4671 14.42204307109923

