METEOR-M 2
1 40069U 14037A   24130.51375419  .00000277  00000+0  14708-3 0  9997
2 40069  98.4362 126.4824 0006957 107.4287 252.7652 14.20949412510131
METEOR-M2 2
1 44387U 19038A   24130.50209088  .00000102  00000+0  64233-4 0  9993
2 44387  98.8245  99.5801 0002413  79.5729 280.5721 14.23879831251880
METEOR-M2 3
1 57166U 23091A   24130.46712054  .00000064  00000+0  46998-4 0  9998
2 57166  98.7156 185.4820 0003057 231.1552 128.9354 14.23888535 45115
METEOR-M2 4
1 59051U 24039A   24130.51143326  .00000083  00000+0  56583-4 0  9994
2 59051  98.5952  93.3633 0006045 231.8336 128.2298 14.22219714  9990
METOP-B                 
1 38771U 12049A   24130.46082932  .00000271  00000+0  14359-3 0  9990
2 38771  98.6299 188.5466 0001777 112.8397 247.2969 14.21522590604046
METOP-C                 
1 43689U 18087A   24130.49780272  .00000270  00000+0  14336-3 0  9991
2 43689  98.7260 190.2214 0002240 168.6988 191.4240 14.21488531285628
PROBA-V                 
1 39159U 13021A   24130.47949919  .00000164  00000+0  90600-4 0  9995
2 39159  98.3078 139.1528 0003419 209.6739 150.4247 14.23248639571756
PVCC
1 58025U 23155K   24130.49085624  .00007099  00000+0  53766-3 0  9998
2 58025  97.6503 201.5075 0004707 236.0828 123.9950 15.02580886 32017
CORIOLIS                
1 27640U 03001A   24129.96485511  .00000208  00000+0  11974-3 0  9994
2 27640  98.7141 137.8120 0012924 267.7875  92.1822 14.19453566105074
SMAP                    
1 40376U 15003A   24130.19004884  .00001017  00000+0  20567-3 0  9994
2 40376  98.1288 137.1358 0001326 102.7593 257.3757 14.63406186495154
TUBIN                   
1 48900U 21059X   24130.52345630  .00019095  00000+0  68726-3 0  9991
2 48900  97.6414 274.0839 0007100 213.5393 146.5397 15.28619741159016
IRIS                    
1 39197U 13033A   24129.86856718  .00001660  00000+0  21590-3 0  9998
2 39197  97.9655 320.7170 0025054 310.7847  49.1191 14.81824672586263
OPS-SAT                 
1 44878U 19092F   24130.09696730  .00462649  00000+0  18008-2 0  9991
2 44878  97.4345 334.8064 0002215 264.7007  95.4011 15.85966388244390
HINODE (SOLAR-B)        
1 29479U 06041A   24129.90563404  .00001210  00000+0  22757-3 0  9990
2 29479  98.0912 145.7866 0017523 200.5666 159.4834 14.66305006942024
SWOT                    
1 54754U 22173A   24130.21207954  .00000130  00000+0  89733-4 0  9997
2 54754  77.6115 353.3478 0000744  50.9161 309.2056 14.00167620 71532
FORMOSAT-5              
1 42920U 17049A   24130.23088209  .00000408  00000+0  11438-3 0  9991
2 42920  98.2909 208.5145 0009435 291.9133  68.1059 14.50926907355173
SUOMI NPP
1 37849U 11061A   24130.48800619  .00000194  00000+0  11270-3 0  9993
2 37849  98.7206  69.0518 0001527  66.0112 294.1224 14.19561309649377
SMOS 1989 (ETALON 1)  
1 19751U 89001C   24129.59591741  .00000006  00000+0  00000+0 0  9994
2 19751  64.5389  98.5998 0023881 215.9639 315.5242  2.13156128274964
AQUA                    
1 27424U 02022A   24130.50582571  .00001745  00000+0  38005-3 0  9993
2 27424  98.3283  79.7389 0000904 104.4669   4.9452 14.59209636171075
TERRA                   
1 25994U 99068A   24130.50981847  .00000925  00000+0  20336-3 0  9995
2 25994  98.0501 195.1310 0003303 113.1776  11.6454 14.59719919297520
AURA                    
1 28376U 04026A   24130.47443738  .00001690  00000+0  37380-3 0  9997
2 28376  98.2491  75.5866 0001415 110.3108 249.8243 14.58499942 54076
CRYOSAT 2
1 36508U 10013A   24130.20993442  .00000340  00000+0  83728-4 0  9998
2 36508  92.0317  91.5580 0005141  71.7102 288.4664 14.51892677746547
GCOM-W1 (SHIZUKU)       
1 38337U 12025A   24129.86669160  .00000981  00000+0  22796-3 0  9990
2 38337  98.2015  70.4893 0001857  94.2874 334.1527 14.57078419637004
GCOM-C (SHIKISAI)
1 43065U 17082A   24130.46495263  .00000326  00000+0  15114-3 0  9990
2 43065  98.5694 203.2451 0001221 112.0339 248.0972 14.27280239332281
CALIPSO                 
1 29108U 06016B   24129.96813630  .00002248  00000+0  42331-3 0  9998
2 29108  98.4166 110.8725 0001586  97.6161 262.5222 14.65587240960200
PAZ                     
1 43215U 18020A   24130.49022441  .00004350  00000+0  21030-3 0  9992
2 43215  97.4462 137.9032 0001776  86.1638 273.9800 15.19139502344317
CFOSAT                  
1 43662U 18083A   24130.54039717  .00007086  00000+0  36952-3 0  9995
2 43662  97.3767 146.1929 0001205 105.6171 254.5196 15.16257911306046
PRISMA                  
1 44072U 19015A   24130.50616198  .00001778  00000+0  22171-3 0  9997
2 44072  97.8699 205.3084 0001026  82.6161 277.5170 14.83662602278073
LANDSAT 8
1 39084U 13008A   24130.47543000  .00000717  00000+0  16911-3 0  9994
2 39084  98.1850 200.6560 0001205  95.3637 264.7699 14.57125703597770
SENTINEL-6
1 46984U 20086A   24130.50598025 -.00000067  00000+0 -25320-4 0  9991
2 46984  66.0410 291.6099 0007759 270.6211  89.3915 12.80930767161997
GOES 16
1 41866U 16071A   24130.28846796 -.00000250  00000+0  00000+0 0  9996
2 41866   0.0409 273.1500 0000324 109.0450 234.0403  1.00271245 27384
GOES 17
1 43226U 18022A   24129.62574528 -.00000092  00000+0  00000+0 0  9997
2 43226   0.0041   3.0028 0000523  18.5057 325.9900  1.00271505 22714
GOES 18
1 51850U 22021A   24129.60811148  .00000096  00000+0  00000+0 0  9996
2 51850   0.0025 335.9656 0000476 354.0941 338.7654  1.00270778  8059
